alpha = 0.25
beta = 1.25
gamma = 1
epsilon = 0.025
DL
0.333333  0  0  0  0  0  0  0  0  0  0  0  0  0  0  0  0  0  0  0  
0  0.142857  0  0  0  0  0  0  0  0  0  0  0  0  0  0  0  0  0  0  
0  0  0.0909091  0  0  0  0  0  0  0  0  0  0  0  0  0  0  0  0  0  
0  0  0  0.0666667  0  0  0  0  0  0  0  0  0  0  0  0  0  0  0  0  
0  0  0  0  0.0526316  0  0  0  0  0  0  0  0  0  0  0  0  0  0  0  
0  0  0  0  0  0.0434783  0  0  0  0  0  0  0  0  0  0  0  0  0  0  
0  0  0  0  0  0  0.037037  0  0  0  0  0  0  0  0  0  0  0  0  0  
0  0  0  0  0  0  0  0.0322581  0  0  0  0  0  0  0  0  0  0  0  0  
0  0  0  0  0  0  0  0  0.0285714  0  0  0  0  0  0  0  0  0  0  0  
0  0  0  0  0  0  0  0  0  0.025641  0  0  0  0  0  0  0  0  0  0  
0  0  0  0  0  0  0  0  0  0  0.0232558  0  0  0  0  0  0  0  0  0  
0  0  0  0  0  0  0  0  0  0  0  0.0212766  0  0  0  0  0  0  0  0  
0  0  0  0  0  0  0  0  0  0  0  0  0.0196078  0  0  0  0  0  0  0  
0  0  0  0  0  0  0  0  0  0  0  0  0  0.0181818  0  0  0  0  0  0  
0  0  0  0  0  0  0  0  0  0  0  0  0  0  0.0169492  0  0  0  0  0  
0  0  0  0  0  0  0  0  0  0  0  0  0  0  0  0.015873  0  0  0  0  
0  0  0  0  0  0  0  0  0  0  0  0  0  0  0  0  0.0149254  0  0  0  
0  0  0  0  0  0  0  0  0  0  0  0  0  0  0  0  0  0.0140845  0  0  
0  0  0  0  0  0  0  0  0  0  0  0  0  0  0  0  0  0  0.0133333  0  
0  0  0  0  0  0  0  0  0  0  0  0  0  0  0  0  0  0  0  0.0126582  

L
0.0333333  -0.00238095  0  0  0  0  0  0  0  0  0  0  0  0  0  0  0  0  0  0  
-0.00238095  0.0015873  -0.00036075  0  0  0  0  0  0  0  0  0  0  0  0  0  0  0  0  0  
0  -0.00036075  0.0003885  -0.00011655  0  0  0  0  0  0  0  0  0  0  0  0  0  0  0  0  
0  0  -0.00011655  0.00015083  -5.15996e-05  0  0  0  0  0  0  0  0  0  0  0  0  0  0  0  
0  0  0  -5.15996e-05  7.37137e-05  -2.7242e-05  0  0  0  0  0  0  0  0  0  0  0  0  0  0  
0  0  0  0  -2.7242e-05  4.14079e-05  -1.61031e-05  0  0  0  0  0  0  0  0  0  0  0  0  0  
0  0  0  0  0  -1.61031e-05  2.55428e-05  -1.02995e-05  0  0  0  0  0  0  0  0  0  0  0  0  
0  0  0  0  0  0  -1.02995e-05  1.68537e-05  -6.98227e-06  0  0  0  0  0  0  0  0  0  0  0  
0  0  0  0  0  0  0  -6.98227e-06  1.17e-05  -4.95e-06  0  0  0  0  0  0  0  0  0  0  
0  0  0  0  0  0  0  0  -4.95e-06  8.45123e-06  -3.63599e-06  0  0  0  0  0  0  0  0  0  
0  0  0  0  0  0  0  0  0  -3.63599e-06  6.30239e-06  -2.74891e-06  0  0  0  0  0  0  0  0  
0  0  0  0  0  0  0  0  0  0  -2.74891e-06  4.82462e-06  -2.12851e-06  0  0  0  0  0  0  0  
0  0  0  0  0  0  0  0  0  0  0  -2.12851e-06  3.77509e-06  -1.68163e-06  0  0  0  0  0  0  
0  0  0  0  0  0  0  0  0  0  0  0  -1.68163e-06  3.00924e-06  -1.35161e-06  0  0  0  0  0  
0  0  0  0  0  0  0  0  0  0  0  0  0  -1.35161e-06  2.43732e-06  -1.1026e-06  0  0  0  0  
0  0  0  0  0  0  0  0  0  0  0  0  0  0  -1.1026e-06  2.00164e-06  -9.11195e-07  0  0  0  
0  0  0  0  0  0  0  0  0  0  0  0  0  0  0  -9.11195e-07  1.66392e-06  -7.61654e-07  0  0  
0  0  0  0  0  0  0  0  0  0  0  0  0  0  0  0  -7.61654e-07  1.3981e-06  -6.43128e-07  0  
0  0  0  0  0  0  0  0  0  0  0  0  0  0  0  0  0  -6.43128e-07  1.18603e-06  -5.47975e-07  
0  0  0  0  0  0  0  0  0  0  0  0  0  0  0  0  0  0  -5.47975e-07  1.01477e-06  

=== Step 1 / N = 1.291 ===
Jump detected! diff_u = 3.53847, diff_eps = 0.025
Halving dN to 0.001
=== Step 1 / N = 1.29 ===
Newton failed. Halving dN.
=== Step 1 / N = 1.2895 ===
Newton failed. Halving dN.
=== Step 1 / N = 1.28925 ===
Newton failed. Halving dN.
=== Step 1 / N = 1.28912 ===
Newton failed. Halving dN.
=== Step 1 / N = 1.28906 ===
Newton failed. Halving dN.
=== Step 1 / N = 1.28903 ===
Newton failed. Halving dN.
=== Step 1 / N = 1.28902 ===
Newton failed. Halving dN.
=== Step 1 / N = 1.28901 ===
Jump detected! diff_u = 7.18555, diff_eps = 0.025
Halving dN to 3.90625e-06
=== Step 1 / N = 1.289 ===
Jump detected! diff_u = 6.4969, diff_eps = 0.025
Halving dN to 1.95313e-06
=== Step 1 / N = 1.289 ===
Jump detected! diff_u = 6.86696, diff_eps = 0.025
Halving dN to 9.76563e-07
=== Step 1 / N = 1.289 ===
Newton failed. Halving dN.
=== Step 1 / N = 1.289 ===
Newton failed. Halving dN.
=== Step 1 / N = 1.289 ===
Newton failed. Halving dN.
=== Step 1 / N = 1.289 ===
Newton failed. Halving dN.
=== Step 1 / N = 1.289 ===
Newton failed. Halving dN.
=== Step 1 / N = 1.289 ===
Newton failed. Halving dN.
=== Step 1 / N = 1.289 ===
Newton failed. Halving dN.
dN too small. Stopping.
ERROR : save : matrix kv::dd
