alpha = 0.25
beta = 1.25
gamma = 1
epsilon = 0.025
Loaded uh:
1.05328
2.00196
-4.49253
1.65404
2.03087
-2.19938
0.606694
0.33525
-0.359379
0.150366
-0.0382429
-0.00264599
0.023147
-0.0251835
0.0122487
0.000555773
-0.00487125
0.00324805
-0.000784781
-0.000355566

DL
0.333333  0  0  0  0  0  0  0  0  0  0  0  0  0  0  0  0  0  0  0  
0  0.142857  0  0  0  0  0  0  0  0  0  0  0  0  0  0  0  0  0  0  
0  0  0.0909091  0  0  0  0  0  0  0  0  0  0  0  0  0  0  0  0  0  
0  0  0  0.0666667  0  0  0  0  0  0  0  0  0  0  0  0  0  0  0  0  
0  0  0  0  0.0526316  0  0  0  0  0  0  0  0  0  0  0  0  0  0  0  
0  0  0  0  0  0.0434783  0  0  0  0  0  0  0  0  0  0  0  0  0  0  
0  0  0  0  0  0  0.037037  0  0  0  0  0  0  0  0  0  0  0  0  0  
0  0  0  0  0  0  0  0.0322581  0  0  0  0  0  0  0  0  0  0  0  0  
0  0  0  0  0  0  0  0  0.0285714  0  0  0  0  0  0  0  0  0  0  0  
0  0  0  0  0  0  0  0  0  0.025641  0  0  0  0  0  0  0  0  0  0  
0  0  0  0  0  0  0  0  0  0  0.0232558  0  0  0  0  0  0  0  0  0  
0  0  0  0  0  0  0  0  0  0  0  0.0212766  0  0  0  0  0  0  0  0  
0  0  0  0  0  0  0  0  0  0  0  0  0.0196078  0  0  0  0  0  0  0  
0  0  0  0  0  0  0  0  0  0  0  0  0  0.0181818  0  0  0  0  0  0  
0  0  0  0  0  0  0  0  0  0  0  0  0  0  0.0169492  0  0  0  0  0  
0  0  0  0  0  0  0  0  0  0  0  0  0  0  0  0.015873  0  0  0  0  
0  0  0  0  0  0  0  0  0  0  0  0  0  0  0  0  0.0149254  0  0  0  
0  0  0  0  0  0  0  0  0  0  0  0  0  0  0  0  0  0.0140845  0  0  
0  0  0  0  0  0  0  0  0  0  0  0  0  0  0  0  0  0  0.0133333  0  
0  0  0  0  0  0  0  0  0  0  0  0  0  0  0  0  0  0  0  0.0126582  

L
0.0333333  -0.00238095  0  0  0  0  0  0  0  0  0  0  0  0  0  0  0  0  0  0  
-0.00238095  0.0015873  -0.00036075  0  0  0  0  0  0  0  0  0  0  0  0  0  0  0  0  0  
0  -0.00036075  0.0003885  -0.00011655  0  0  0  0  0  0  0  0  0  0  0  0  0  0  0  0  
0  0  -0.00011655  0.00015083  -5.15996e-05  0  0  0  0  0  0  0  0  0  0  0  0  0  0  0  
0  0  0  -5.15996e-05  7.37137e-05  -2.7242e-05  0  0  0  0  0  0  0  0  0  0  0  0  0  0  
0  0  0  0  -2.7242e-05  4.14079e-05  -1.61031e-05  0  0  0  0  0  0  0  0  0  0  0  0  0  
0  0  0  0  0  -1.61031e-05  2.55428e-05  -1.02995e-05  0  0  0  0  0  0  0  0  0  0  0  0  
0  0  0  0  0  0  -1.02995e-05  1.68537e-05  -6.98227e-06  0  0  0  0  0  0  0  0  0  0  0  
0  0  0  0  0  0  0  -6.98227e-06  1.17e-05  -4.95e-06  0  0  0  0  0  0  0  0  0  0  
0  0  0  0  0  0  0  0  -4.95e-06  8.45123e-06  -3.63599e-06  0  0  0  0  0  0  0  0  0  
0  0  0  0  0  0  0  0  0  -3.63599e-06  6.30239e-06  -2.74891e-06  0  0  0  0  0  0  0  0  
0  0  0  0  0  0  0  0  0  0  -2.74891e-06  4.82462e-06  -2.12851e-06  0  0  0  0  0  0  0  
0  0  0  0  0  0  0  0  0  0  0  -2.12851e-06  3.77509e-06  -1.68163e-06  0  0  0  0  0  0  
0  0  0  0  0  0  0  0  0  0  0  0  -1.68163e-06  3.00924e-06  -1.35161e-06  0  0  0  0  0  
0  0  0  0  0  0  0  0  0  0  0  0  0  -1.35161e-06  2.43732e-06  -1.1026e-06  0  0  0  0  
0  0  0  0  0  0  0  0  0  0  0  0  0  0  -1.1026e-06  2.00164e-06  -9.11195e-07  0  0  0  
0  0  0  0  0  0  0  0  0  0  0  0  0  0  0  -9.11195e-07  1.66392e-06  -7.61654e-07  0  0  
0  0  0  0  0  0  0  0  0  0  0  0  0  0  0  0  -7.61654e-07  1.3981e-06  -6.43128e-07  0  
0  0  0  0  0  0  0  0  0  0  0  0  0  0  0  0  0  -6.43128e-07  1.18603e-06  -5.47975e-07  
0  0  0  0  0  0  0  0  0  0  0  0  0  0  0  0  0  0  -5.47975e-07  1.01477e-06  

=== Step 1 / N = 1.291 ===
F_epsolon:
43.6353
22.4624
-33.0336
8.90938
8.55191
-7.65869
1.80064
0.864886
-0.821622
0.308543
-0.0711765
-0.00450052
0.0363106
-0.0366323
0.0166092
0.000705548
-0.00581648
0.00365985
-0.000837129
-0.000360062

Y
-0.701593  -1.20938  1.0068  -0.39799  0.0749305  -0.00366982  -0.00998446  0.0148011  -0.0104786  0.0028399  0.00131424  -0.00161485  0.000656897  -2.53999e-05  -0.000124615  8.30012e-05  -2.92459e-05  2.29246e-06  5.81675e-06  -5.41063e-06  43.6353  
-1.20938  0.253121  -0.0135694  0.0807823  -0.0600588  0.0121398  0.00105555  -0.000923188  0.000972722  -0.00124149  0.000680813  -1.35899e-05  -0.000208896  0.00013036  -2.52035e-05  -1.4194e-05  1.3459e-05  -5.54139e-06  1.01185e-06  5.40957e-07  22.4624  
1.0068  -0.0135694  0.0631865  0.00354549  0.0251793  -0.0215824  0.00565852  -0.000777962  0.000155143  0.000421146  -0.000681301  0.000381342  -2.29339e-05  -0.00010047  6.65369e-05  -1.51804e-05  -5.51913e-06  6.39006e-06  -2.99896e-06  7.58935e-07  -33.0336  
-0.39799  0.0807823  0.00354549  0.0533824  0.00252573  0.0122459  -0.0115582  0.00330708  -0.00039372  -2.16615e-05  0.000277974  -0.000380531  0.000207282  -9.41909e-06  -5.84523e-05  3.8514e-05  -8.72436e-06  -3.38567e-06  3.86944e-06  -1.80142e-06  8.90938  
0.0749305  -0.0600588  0.0251793  0.00252573  0.0465861  0.000527909  0.00703499  -0.00657563  0.00185517  -0.000192934  -1.91177e-05  0.000164991  -0.000231976  0.000128625  -5.9774e-06  -3.69492e-05  2.44882e-05  -5.53491e-06  -2.20767e-06  2.50218e-06  8.55191  
-0.00366982  0.0121398  -0.0215824  0.0122459  0.000527909  0.0403732  0.00032893  0.00419625  -0.00407835  0.00118193  -0.000129302  -9.3512e-06  0.000107735  -0.000154994  8.71818e-05  -4.41988e-06  -2.51422e-05  1.68516e-05  -3.8613e-06  -1.51455e-06  -7.65869  
-0.00998446  0.00105555  0.00565852  -0.0115582  0.00703499  0.00032893  0.0350351  0.000247483  0.00273703  -0.00272986  0.000806848  -9.03623e-05  -6.14441e-06  7.54571e-05  -0.000109741  6.23083e-05  -3.28676e-06  -1.81068e-05  1.22279e-05  -2.82512e-06  1.80064  
0.0148011  -0.000923188  -0.000777962  0.00330708  -0.00657563  0.00419625  0.000247483  0.030927  0.000165414  0.00189026  -0.00191796  0.000574906  -6.50305e-05  -4.55462e-06  5.51632e-05  -8.08277e-05  4.62258e-05  -2.48978e-06  -1.35494e-05  9.20307e-06  0.864886  
-0.0104786  0.000972722  0.000155143  -0.00039372  0.00185517  -0.00407835  0.00273703  0.000165414  0.0276473  0.000116707  0.00135934  -0.00139914  0.000424229  -4.83862e-05  -3.42025e-06  4.16001e-05  -6.1405e-05  3.53499e-05  -1.93935e-06  -1.04416e-05  -0.821622  
0.0028399  -0.00124149  0.000421146  -2.16615e-05  -0.000192934  0.00118193  -0.00272986  0.00189026  0.000116707  0.0249724  8.60743e-05  0.00101017  -0.00105236  0.000322245  -3.70645e-05  -2.61751e-06  3.22054e-05  -4.78441e-05  2.77005e-05  -1.54227e-06  0.308543  
0.00131424  0.000680813  -0.000681301  0.000277974  -1.91177e-05  -0.000129302  0.000806848  -0.00191796  0.00135934  8.60743e-05  0.0227563  6.53238e-05  0.000771313  -0.000811705  0.000250661  -2.90384e-05  -2.05463e-06  2.54764e-05  -3.80578e-05  2.21446e-05  -0.0711765  
-0.00161485  -1.35899e-05  0.000381342  -0.000380531  0.000164991  -9.3512e-06  -9.03623e-05  0.000574906  -0.00139914  0.00101017  6.53238e-05  0.0208937  5.0688e-05  0.000602338  -0.000639357  0.000198879  -2.3183e-05  -1.64416e-06  2.05194e-05  -3.08029e-05  -0.00450052  
0.000656897  -0.000208896  -2.29339e-05  0.000207282  -0.000231976  0.000107735  -6.14441e-06  -6.50305e-05  0.000424229  -0.00105236  0.000771313  5.0688e-05  0.019308  4.0116e-05  0.000479393  -0.000512649  0.000160481  -1.88098e-05  -1.33699e-06  1.6782e-05  0.0363106  
-2.53999e-05  0.00013036  -0.00010047  -9.41909e-06  0.000128625  -0.000154994  7.54571e-05  -4.55462e-06  -4.83862e-05  0.000322245  -0.000811705  0.000602338  4.0116e-05  0.0179426  3.22913e-05  0.000387796  -0.000417392  0.000131394  -1.54759e-05  -1.10241e-06  -0.0366323  
-0.000124615  -2.52035e-05  6.65369e-05  -5.84523e-05  -5.9774e-06  8.71818e-05  -0.000109741  5.51632e-05  -3.42025e-06  -3.70645e-05  0.000250661  -0.000639357  0.000479393  3.22913e-05  0.0167553  2.63749e-05  0.00031815  -0.000344388  0.000108952  -1.28886e-05  0.0166092  
8.30012e-05  -1.4194e-05  -1.51804e-05  3.8514e-05  -3.69492e-05  -4.41988e-06  6.23083e-05  -8.08277e-05  4.16001e-05  -2.61751e-06  -2.90384e-05  0.000198879  -0.000512649  0.000387796  2.63749e-05  0.0157137  2.1819e-05  0.000264248  -0.000287488  9.13555e-05  0.000705548  
-2.92459e-05  1.3459e-05  -5.51913e-06  -8.72436e-06  2.44882e-05  -2.51422e-05  -3.28676e-06  4.62258e-05  -6.1405e-05  3.22054e-05  -2.05463e-06  -2.3183e-05  0.000160481  -0.000417392  0.00031815  2.1819e-05  0.0147929  1.82542e-05  0.000221877  -0.000242482  -0.00581648  
2.29246e-06  -5.54139e-06  6.39006e-06  -3.38567e-06  -5.53491e-06  1.68516e-05  -1.81068e-05  -2.48978e-06  3.53499e-05  -4.78441e-05  2.54764e-05  -1.64416e-06  -1.88098e-05  0.000131394  -0.000344388  0.000264248  1.82542e-05  0.0139732  1.54251e-05  0.000188109  0.00365985  
5.81675e-06  1.01185e-06  -2.99896e-06  3.86944e-06  -2.20767e-06  -3.8613e-06  1.22279e-05  -1.35494e-05  -1.93935e-06  2.77005e-05  -3.80578e-05  2.05194e-05  -1.33699e-06  -1.54759e-05  0.000108952  -0.000287488  0.000221877  1.54251e-05  0.0132388  1.31511e-05  -0.000837129  
-5.41063e-06  5.40957e-07  7.58935e-07  -1.80142e-06  2.50218e-06  -1.51455e-06  -2.82512e-06  9.20307e-06  -1.04416e-05  -1.54227e-06  2.21446e-05  -3.08029e-05  1.6782e-05  -1.10241e-06  -1.28886e-05  9.13555e-05  -0.000242482  0.000188109  1.31511e-05  0.0125773  -0.000360062  
0.190169  0.154909  -0.221215  0.0597272  0.0578958  -0.0517951  0.0121709  0.00585767  -0.00556162  0.00208834  -0.000481725  -3.04935e-05  0.000245834  -0.000248011  0.000112449  4.77831e-06  -3.93807e-05  2.47789e-05  -5.66767e-06  -2.43787e-06  0  

F
1.10846e-15
5.85215e-16
-8.58936e-16
2.31677e-16
2.22526e-16
-1.99271e-16
4.68489e-17
2.25055e-17
-2.1379e-17
8.02838e-18
-1.85203e-18
-1.17113e-19
9.44829e-19
-9.53202e-19
4.32185e-19
1.83593e-20
-1.5135e-19
9.52322e-20
-2.17828e-20
-9.36912e-21
0.555217

syuusei_extend
-0.615408
4.61819
0.252525
-11.2292
11.4022
-1.1069
-5.63419
4.70701
-1.41167
-0.340254
0.674248
-0.58435
0.367711
-0.0846179
-0.110367
0.136024
-0.0645474
-0.000706565
0.0222784
-0.0162608
-0.0130693

F_epsolon:
208.681
-2.60732
-12.7726
10.8107
-7.75637
3.02446
0.616522
-0.937351
-0.240949
0.488829
0.25185
-0.761311
0.540107
-0.0357694
-0.240442
0.212622
-0.0729658
-0.0215708
0.0426676
-0.0269179

Y
0.265013  0.641874  -0.169137  0.010843  -0.0578531  0.0392502  0.0402692  -0.0790078  0.0531074  -0.0093502  -0.0135198  0.0135776  -0.00569239  0.000100711  0.00155116  -0.00120562  0.00050912  -5.63177e-05  -0.000115532  0.000117396  208.681  
0.641874  0.243394  0.0438634  -0.0540901  -0.0028066  0.0170365  -0.00567985  0.000574245  -0.00411738  0.0056997  -0.00273377  -0.000619812  0.00165359  -0.00101086  0.000193762  0.000161781  -0.000171756  8.54785e-05  -1.98469e-05  -9.2884e-06  -2.60732  
-0.169137  0.0438634  0.0936638  0.00789377  -0.0010873  -0.00849335  0.00216066  0.00451816  -0.00288766  -0.00198312  0.00364427  -0.00194577  -8.44032e-05  0.000805449  -0.000556313  0.000149161  5.33147e-05  -8.12249e-05  4.85273e-05  -1.60015e-05  -12.7726  
0.010843  -0.0540901  0.00789377  0.0835428  -0.00280609  -0.00426146  0.0011122  -0.00113663  0.00210037  -0.000699033  -0.00155102  0.00210347  -0.00103672  -0.000104056  0.000489774  -0.000329634  8.50933e-05  3.57407e-05  -5.10726e-05  2.96564e-05  10.8107  
-0.0578531  -0.0028066  -0.0010873  -0.00280609  0.0573534  0.00318117  -0.00427599  0.000431644  4.14285e-05  0.000845197  -0.000341511  -0.000904442  0.00125255  -0.000622838  -7.23912e-05  0.000309208  -0.000206826  5.20261e-05  2.39064e-05  -3.28747e-05  -7.75637  
0.0392502  0.0170365  -0.00849335  -0.00426146  0.00318117  0.0442828  0.00167428  -0.00198053  -7.96196e-05  0.000102836  0.000580103  -0.00026888  -0.000573414  0.000831078  -0.000423101  -4.45089e-05  0.000208748  -0.000141696  3.6398e-05  1.61299e-05  3.02446  
0.0402692  -0.00567985  0.00216066  0.0011122  -0.00427599  0.00167428  0.0381334  0.000735472  -0.00122989  -2.07875e-05  3.24866e-05  0.000419627  -0.000194775  -0.000402056  0.000590861  -0.000304293  -3.06207e-05  0.000150465  -0.000103035  2.67587e-05  0.616522  
-0.0790078  0.000574245  0.00451816  -0.00113663  0.000431644  -0.00198053  0.000735472  0.0330448  0.000527127  -0.000886077  5.94514e-06  1.7247e-05  0.000300423  -0.000139031  -0.000295411  0.000435746  -0.000225695  -2.27962e-05  0.000112727  -7.75621e-05  -0.937351  
0.0531074  -0.00411738  -0.00288766  0.00210037  4.14285e-05  -7.96196e-05  -0.00122989  0.000527127  0.0290807  0.000392337  -0.000644096  3.85099e-06  1.55558e-05  0.000221503  -0.000103979  -0.000222634  0.00033085  -0.000172508  -1.7359e-05  8.68682e-05  -0.240949  
-0.0093502  0.0056997  -0.00198312  -0.000699033  0.000845197  0.000102836  -2.07875e-05  -0.000886077  0.000392337  0.0260021  0.000287112  -0.000476769  1.31642e-06  1.24902e-05  0.000169474  -8.05044e-05  -0.000172222  0.000257775  -0.000135209  -1.35357e-05  0.488829  
-0.0135198  -0.00273377  0.00364427  -0.00155102  -0.000341511  0.000580103  3.24866e-05  5.94514e-06  -0.000644096  0.000287112  0.023527  0.000215194  -0.000363845  1.24215e-06  9.56011e-06  0.0001327  -6.35205e-05  -0.000136233  0.000205069  -0.000108109  0.25185  
0.0135776  -0.000619812  -0.00194577  0.00210347  -0.000904442  -0.00026888  0.000419627  1.7247e-05  3.85099e-06  -0.000476769  0.000215194  0.0214845  0.000166659  -0.000284557  1.15837e-06  7.6063e-06  0.000105819  -5.1004e-05  -0.000109722  0.000165985  -0.761311  
-0.00569239  0.00165359  -8.44032e-05  -0.00103672  0.00125255  -0.000573414  -0.000194775  0.000300423  1.55558e-05  1.31642e-06  -0.000363845  0.000166659  0.0197701  0.00013173  -0.000226626  9.60615e-07  6.17711e-06  8.57787e-05  -4.15993e-05  -8.97309e-05  0.540107  
0.000100711  -0.00101086  0.000805449  -0.000104056  -0.000622838  0.000831078  -0.000402056  -0.000139031  0.000221503  1.24902e-05  1.24215e-06  -0.000284557  0.00013173  0.018311  0.000105837  -0.000183399  8.04418e-07  5.07774e-06  7.05254e-05  -3.43867e-05  -0.0357694  
0.00155116  0.000193762  -0.000556313  0.000489774  -7.23912e-05  -0.000423101  0.000590861  -0.000295411  -0.000103979  0.000169474  9.56011e-06  1.15837e-06  -0.000226626  0.000105837  0.0170537  8.63129e-05  -0.000150517  6.82487e-07  4.22288e-06  5.87013e-05  -0.240442  
-0.00120562  0.000161781  0.000149161  -0.000329634  0.000309208  -4.45089e-05  -0.000304293  0.000435746  -0.000222634  -8.05044e-05  0.0001327  7.6063e-06  9.60615e-07  -0.000183399  8.63129e-05  0.0159588  7.13163e-05  -0.000125056  5.82861e-07  3.54979e-06  0.212622  
0.00050912  -0.000171756  5.33147e-05  8.50933e-05  -0.000206826  0.000208748  -3.06207e-05  -0.000225695  0.00033085  -0.000172222  -6.35205e-05  0.000105819  6.17711e-06  8.04418e-07  -0.000150517  7.13163e-05  0.0149967  5.96034e-05  -0.000105031  5.00681e-07  -0.0729658  
-5.63177e-05  8.54785e-05  -8.12249e-05  3.57407e-05  5.20261e-05  -0.000141696  0.000150465  -2.27962e-05  -0.000172508  0.000257775  -0.000136233  -5.1004e-05  8.57787e-05  5.07774e-06  6.82487e-07  -0.000125056  5.96034e-05  0.0141444  5.03218e-05  -8.90658e-05  -0.0215708  
-0.000115532  -1.98469e-05  4.85273e-05  -5.10726e-05  2.39064e-05  3.6398e-05  -0.000103035  0.000112727  -1.7359e-05  -0.000135209  0.000205069  -0.000109722  -4.15993e-05  7.05254e-05  4.22288e-06  5.82861e-07  -0.000105031  5.03218e-05  0.0133841  4.28718e-05  0.0426676  
0.000117396  -9.2884e-06  -1.60015e-05  2.96564e-05  -3.28747e-05  1.61299e-05  2.67587e-05  -7.75621e-05  8.68682e-05  -1.35357e-05  -0.000108109  0.000165985  -8.97309e-05  -3.43867e-05  5.87013e-05  3.54979e-06  5.00681e-07  -8.90658e-05  4.28718e-05  0.0127016  -0.0269179  
0.119101  -0.0800274  -0.0923655  0.183906  -0.105611  -0.0101706  0.049493  -0.0301965  0.00643766  0.00269365  -0.00354791  0.00265012  -0.00144664  0.000231386  0.000444996  -0.000460423  0.000190716  1.19263e-05  -6.58446e-05  4.31096e-05  0  

F
-3.14975
-0.346415
-0.190033
0.655443
-0.346518
-0.10493
0.219469
-0.12323
0.0346666
0.00327392
-0.0213646
0.0268688
-0.0170373
0.00176159
0.00665499
-0.00619751
0.00227959
0.000466288
-0.00111967
0.000713706
3.37923

syuusei_extend
0.812819
-0.806057
-4.04743
9.94672
-7.23727
-0.960551
4.29019
-1.46963
-1.47288
1.10998
0.849225
-1.72519
1.01047
0.113645
-0.613708
0.433667
-0.0707265
-0.107446
0.0843242
-0.00804703
-0.0200273

F_epsolon:
1.41976
0.137242
0.300394
0.218404
-0.561213
0.266418
0.105862
-0.21355
0.135618
-0.0343625
-0.0251909
0.0430935
-0.0325563
0.0101648
0.00702632
-0.0111259
0.00608969
-4.21017e-05
-0.00252418
0.00194799

Y
-0.761883  0.359958  -0.0437735  -0.0447885  0.0228537  0.00038205  -0.00630454  0.00479258  -0.00231893  0.000306875  0.000754858  -0.000718831  0.000181034  0.000138484  -7.24659e-05  -0.000105234  0.000152149  -6.43835e-05  -3.77328e-05  7.34067e-05  1.41976  
0.359958  0.153405  0.0182234  -0.0147606  -0.00109623  0.00297079  -0.000418255  -0.00067464  0.000491348  -0.000227359  0.000108658  1.03229e-06  -8.2304e-05  7.71677e-05  -2.44791e-05  -7.81013e-06  5.09409e-06  6.64298e-06  -7.87181e-06  3.32429e-07  0.137242  
-0.0437735  0.0182234  0.0871391  0.00970493  -0.00611997  -0.000562726  0.00151479  -0.000489295  -0.000123093  0.000232469  -0.000185455  8.73923e-05  1.84176e-05  -6.4103e-05  3.8913e-05  3.38108e-06  -1.78387e-05  6.15257e-06  7.38037e-06  -9.23038e-06  0.300394  
-0.0447885  -0.0147606  0.00970493  0.0643292  0.00404515  -0.00262228  -0.000493106  0.000883802  -0.000241164  -0.000126089  0.000152294  -8.77836e-05  2.95621e-05  1.21601e-05  -2.561e-05  1.25392e-05  4.10318e-06  -7.17962e-06  -7.82902e-08  6.00317e-06  0.218404  
0.0228537  -0.00109623  -0.00611997  0.00404515  0.0517049  0.00191634  -0.00135278  -0.000260962  0.000465352  -0.00012363  -6.4538e-05  7.82841e-05  -5.28112e-05  2.66993e-05  1.14427e-07  -1.44877e-05  1.03992e-05  -2.11488e-07  -3.30541e-06  3.30298e-08  -0.561213  
0.00038205  0.00297079  -0.000562726  -0.00262228  0.00191634  0.0430375  0.00114355  -0.000872598  -0.000143033  0.000306799  -9.35169e-05  -4.0831e-05  5.87704e-05  -4.15735e-05  1.94944e-05  1.9522e-06  -1.21782e-05  8.24891e-06  -1.18435e-07  -2.78777e-06  0.266418  
-0.00630454  -0.000418255  0.00151479  -0.000493106  -0.00135278  0.00114355  0.0367161  0.000747641  -0.000563268  -0.000106615  0.000209509  -5.84996e-05  -3.37171e-05  4.24668e-05  -2.77442e-05  1.19452e-05  2.28883e-06  -8.72211e-06  5.56336e-06  2.46638e-07  0.105862  
0.00479258  -0.00067464  -0.000489295  0.000883802  -0.000260962  -0.000872598  0.000747641  0.0320531  0.000495148  -0.000388401  -6.89024e-05  0.000144047  -4.10669e-05  -2.29061e-05  2.93016e-05  -1.9625e-05  8.90403e-06  1.32071e-06  -6.22312e-06  4.0827e-06  -0.21355  
-0.00231893  0.000491348  -0.000123093  -0.000241164  0.000465352  -0.000143033  -0.000563268  0.000495148  0.0284291  0.000356234  -0.000284521  -4.90501e-05  0.000107639  -3.22531e-05  -1.64099e-05  2.21699e-05  -1.52537e-05  7.08259e-06  9.10754e-07  -4.82299e-06  0.135618  
0.000306875  -0.000227359  0.000232469  -0.000126089  -0.00012363  0.000306799  -0.000106615  -0.000388401  0.000356234  0.025533  0.000262571  -0.000210398  -3.83473e-05  8.24161e-05  -2.46781e-05  -1.29419e-05  1.74365e-05  -1.19763e-05  5.52462e-06  7.62855e-07  -0.0343625  
0.000754858  0.000108658  -0.000185455  0.000152294  -6.4538e-05  -9.35169e-05  0.000209509  -6.89024e-05  -0.000284521  0.000262571  0.0231763  0.000196944  -0.000160144  -2.94862e-05  6.37731e-05  -1.90998e-05  -1.02655e-05  1.37815e-05  -9.48071e-06  4.38869e-06  -0.0251909  
-0.000718831  1.03229e-06  8.73923e-05  -8.77836e-05  7.82841e-05  -4.0831e-05  -5.84996e-05  0.000144047  -4.90501e-05  -0.000210398  0.000196944  0.0212162  0.0001525  -0.000125456  -2.29593e-05  5.04987e-05  -1.52756e-05  -8.18314e-06  1.10813e-05  -7.6708e-06  0.0430935  
0.000181034  -8.2304e-05  1.84176e-05  2.95621e-05  -5.28112e-05  5.87704e-05  -3.37171e-05  -4.10669e-05  0.000107639  -3.83473e-05  -0.000160144  0.0001525  0.0195602  0.000120692  -9.99922e-05  -1.84089e-05  4.07794e-05  -1.24221e-05  -6.66031e-06  9.07299e-06  -0.0325563  
0.000138484  7.71677e-05  -6.4103e-05  1.21601e-05  2.66993e-05  -4.15735e-05  4.24668e-05  -2.29061e-05  -3.22531e-05  8.24161e-05  -2.94862e-05  -0.000125456  0.000120692  0.0181437  9.69742e-05  -8.08874e-05  -1.49982e-05  3.33831e-05  -1.02174e-05  -5.50276e-06  0.0101648  
-7.24659e-05  -2.44791e-05  3.8913e-05  -2.561e-05  1.14427e-07  1.94944e-05  -2.77442e-05  2.93016e-05  -1.64099e-05  -2.46781e-05  6.37731e-05  -2.29593e-05  -9.99922e-05  9.69742e-05  0.0169183  7.90778e-05  -6.63861e-05  -1.23603e-05  2.76709e-05  -8.50916e-06  0.00702632  
-0.000105234  -7.81013e-06  3.38108e-06  1.25392e-05  -1.44877e-05  1.9522e-06  1.19452e-05  -1.9625e-05  2.21699e-05  -1.29419e-05  -1.90998e-05  5.04987e-05  -1.84089e-05  -8.08874e-05  7.90778e-05  0.0158476  6.53509e-05  -5.5163e-05  -1.03099e-05  2.31977e-05  -0.0111259  
0.000152149  5.09409e-06  -1.78387e-05  4.10318e-06  1.03992e-05  -1.21782e-05  2.28883e-06  8.90403e-06  -1.52537e-05  1.74365e-05  -1.02655e-05  -1.52756e-05  4.07794e-05  -1.49982e-05  -6.63861e-05  6.53509e-05  0.0149042  5.46244e-05  -4.6332e-05  -8.6913e-06  0.00608969  
-6.43835e-05  6.64298e-06  6.15257e-06  -7.17962e-06  -2.11488e-07  8.24891e-06  -8.72211e-06  1.32071e-06  7.08259e-06  -1.19763e-05  1.37815e-05  -8.18314e-06  -1.24221e-05  3.33831e-05  -1.23603e-05  -5.5163e-05  5.46244e-05  0.0140667  4.61218e-05  -3.92907e-05  -4.21017e-05  
-3.77328e-05  -7.87181e-06  7.38037e-06  -7.82902e-08  -3.30541e-06  -1.18435e-07  5.56336e-06  -6.22312e-06  9.10754e-07  5.52462e-06  -9.48071e-06  1.10813e-05  -6.66031e-06  -1.02174e-05  2.76709e-05  -1.03099e-05  -4.6332e-05  4.61218e-05  0.0133182  3.92965e-05  -0.00252418  
7.34067e-05  3.32429e-07  -9.23038e-06  6.00317e-06  3.30298e-08  -2.78777e-06  2.46638e-07  4.0827e-06  -4.82299e-06  7.62855e-07  4.38869e-06  -7.6708e-06  9.07299e-06  -5.50276e-06  -8.50916e-06  2.31977e-05  -8.6913e-06  -3.92907e-05  3.92965e-05  0.0126453  0.00194799  
0.184252  -0.167012  -0.0409594  0.126437  -0.0725402  -0.0037046  0.0466609  -0.0604621  0.0465961  -0.0102567  -0.0234564  0.0316998  -0.0171596  -0.000636577  0.00806017  -0.00583448  0.00125701  0.00101334  -0.00092474  0.000195815  0  

F
0.337086
